> ./help lr3 cmplx
>>> Файл: lab3/cmplx.sql
   row   
---------
 (1,2,3)
(1 строка)

(2,3,5)
 substring 
-----------
 2,3,5
(1 строка)

 string_to_array 
-----------------
 {2,3,5}
(1 строка)

 string_to_array 
-----------------
 3
(1 строка)

psql:lab3/cmplx.sql:15: ЗАМЕЧАНИЕ:  тип "complex_" не существует, пропускается
  row  
-------
 (1,2)
(1 строка)

 x 
---
 1
(1 строка)

 y 
---
 2
(1 строка)

 x | y 
---+---
 1 | 2
(1 строка)

1
2
 array 
-------
 {1,2}
(1 строка)

 string_to_array 
-----------------
 {2,1}
(1 строка)

 code |   z   
------+-------
    1 | (1,2)
    2 | (0,0)
    3 | (0,0)
    4 | (0,0)
    5 | (1,1)
    6 | (1,1)
    7 | (1,1)
    8 | (2,2)
    9 | (3,3)
   10 | (4,4)
   11 | (5,5)
(11 строк)

psql:lab3/cmplx.sql:51: ОШИБКА:  значение домена complex нарушает ограничение-проверку "complex_check"
   z   | complex_add 
-------+-------------
 (1,2) | (2,4)
 (0,0) | (0,0)
 (0,0) | (0,0)
 (0,0) | (0,0)
 (1,1) | (2,2)
 (1,1) | (2,2)
 (1,1) | (2,2)
 (2,2) | (4,4)
 (3,3) | (6,6)
 (4,4) | (8,8)
 (5,5) | (10,10)
(11 строк)

   z   |   sum   
-------+---------
 (1,2) | (2,4)
 (0,0) | (0,0)
 (0,0) | (0,0)
 (0,0) | (0,0)
 (1,1) | (2,2)
 (1,1) | (2,2)
 (1,1) | (2,2)
 (2,2) | (4,4)
 (3,3) | (6,6)
 (4,4) | (8,8)
 (5,5) | (10,10)
(11 строк)

   z   |  sum   
-------+--------
 (1,2) | (2,1)
 (0,0) | (1,-1)
 (0,0) | (1,-1)
 (0,0) | (1,-1)
 (1,1) | (2,0)
 (1,1) | (2,0)
 (1,1) | (2,0)
 (2,2) | (3,1)
 (3,3) | (4,2)
 (4,4) | (5,3)
 (5,5) | (6,4)
(11 строк)

   z   |  sum   
-------+--------
 (1,2) | (2,1)
 (0,0) | (1,-1)
 (0,0) | (1,-1)
 (0,0) | (1,-1)
 (1,1) | (2,0)
 (1,1) | (2,0)
 (1,1) | (2,0)
 (2,2) | (3,1)
 (3,3) | (4,2)
 (4,4) | (5,3)
 (5,5) | (6,4)
(11 строк)

   z   |  sum   
-------+--------
 (1,2) | (2,1)
 (0,0) | (1,-1)
 (0,0) | (1,-1)
 (0,0) | (1,-1)
 (1,1) | (2,0)
 (1,1) | (2,0)
 (1,1) | (2,0)
 (2,2) | (3,1)
 (3,3) | (4,2)
 (4,4) | (5,3)
 (5,5) | (6,4)
(11 строк)

   z   |  prod1  
-------+---------
 (1,2) | (2,4)
 (0,0) | (0,0)
 (0,0) | (0,0)
 (0,0) | (0,0)
 (1,1) | (2,2)
 (1,1) | (2,2)
 (1,1) | (2,2)
 (2,2) | (4,4)
 (3,3) | (6,6)
 (4,4) | (8,8)
 (5,5) | (10,10)
(11 строк)

   z   |  prod2  
-------+---------
 (1,2) | (2,4)
 (0,0) | (0,0)
 (0,0) | (0,0)
 (0,0) | (0,0)
 (1,1) | (2,2)
 (1,1) | (2,2)
 (1,1) | (2,2)
 (2,2) | (4,4)
 (3,3) | (6,6)
 (4,4) | (8,8)
 (5,5) | (10,10)
(11 строк)

   z   | equ 
-------+-----
 (1,2) | f
 (0,0) | t
 (0,0) | t
 (0,0) | t
 (1,1) | f
 (1,1) | f
 (1,1) | f
 (2,2) | f
 (3,3) | f
 (4,4) | f
 (5,5) | f
(11 строк)

   z   | notequ 
-------+--------
 (1,2) | f
 (0,0) | f
 (0,0) | f
 (0,0) | f
 (1,1) | f
 (1,1) | f
 (1,1) | f
 (2,2) | f
 (3,3) | f
 (4,4) | f
 (5,5) | f
(11 строк)

